,Age,Gender,TB,DB,Alkphos,Sgpt,Sgot,TP,ALB,A/G,target
0,65,0,0.7,0.1,187,16,18,6.8,3.3,0.9,1
2,62,1,7.3,4.1,490,60,68,7.0,3.3,0.89,1
4,72,1,3.9,2.0,195,27,59,7.3,2.4,0.4,1
5,46,1,1.8,0.7,208,19,14,7.6,4.4,1.3,1
6,26,0,0.9,0.2,154,16,12,7.0,3.5,1.0,1
7,29,0,0.9,0.3,202,14,11,6.7,3.6,1.1,1
8,17,1,0.9,0.3,202,22,19,7.4,4.1,1.2,2
9,55,1,0.7,0.2,290,53,58,6.8,3.4,1.0,1
10,57,1,0.6,0.1,210,51,59,5.9,2.7,0.8,1
11,72,1,2.7,1.3,260,31,56,7.4,3.0,0.6,1
12,64,1,0.9,0.3,310,61,58,7.0,3.4,0.9,2
13,74,0,1.1,0.4,214,22,30,8.1,4.1,1.0,1
14,61,1,0.7,0.2,145,53,41,5.8,2.7,0.87,1
15,25,1,0.6,0.1,183,91,53,5.5,2.3,0.7,2
16,38,1,1.8,0.8,342,168,441,7.6,4.4,1.3,1
17,33,1,1.6,0.5,165,15,23,7.3,3.5,0.92,2
21,51,1,2.9,1.3,482,22,34,7.0,2.4,0.5,1
22,62,1,6.8,3.0,542,116,66,6.4,3.1,0.9,1
24,63,1,0.9,0.2,194,52,45,6.0,3.9,1.85,2
25,34,1,4.1,2.0,289,875,731,5.0,2.7,1.1,1
26,34,1,4.1,2.0,289,875,731,5.0,2.7,1.1,1
27,34,1,6.2,3.0,240,1680,850,7.2,4.0,1.2,1
28,20,1,1.1,0.5,128,20,30,3.9,1.9,0.95,2
29,84,0,0.7,0.2,188,13,21,6.0,3.2,1.1,2
30,57,1,4.0,1.9,190,45,111,5.2,1.5,0.4,1
31,52,1,0.9,0.2,156,35,44,4.9,2.9,1.4,1
32,57,1,1.0,0.3,187,19,23,5.2,2.9,1.2,2
33,38,0,2.6,1.2,410,59,57,5.6,3.0,0.8,2
34,38,0,2.6,1.2,410,59,57,5.6,3.0,0.8,2
35,30,1,1.3,0.4,482,102,80,6.9,3.3,0.9,1
36,17,0,0.7,0.2,145,18,36,7.2,3.9,1.18,2
37,46,0,14.2,7.8,374,38,77,4.3,2.0,0.8,1
38,48,1,1.4,0.6,263,38,66,5.8,2.2,0.61,1
39,47,1,2.7,1.3,275,123,73,6.2,3.3,1.1,1
40,45,1,2.4,1.1,168,33,50,5.1,2.6,1.0,1
41,62,1,0.6,0.1,160,42,110,4.9,2.6,1.1,2
42,42,1,6.8,3.2,630,25,47,6.1,2.3,0.6,2
43,50,1,2.6,1.2,415,407,576,6.4,3.2,1.0,1
44,85,0,1.0,0.3,208,17,15,7.0,3.6,1.0,2
45,35,1,1.8,0.6,275,48,178,6.5,3.2,0.9,2
46,21,1,3.9,1.8,150,36,27,6.8,3.9,1.34,1
47,40,1,1.1,0.3,230,1630,960,4.9,2.8,1.3,1
48,32,0,0.6,0.1,176,39,28,6.0,3.0,1.0,1
49,55,1,18.4,8.8,206,64,178,6.2,1.8,0.4,1
50,45,0,0.7,0.2,170,21,14,5.7,2.5,0.7,1
51,34,0,0.6,0.1,161,15,19,6.6,3.4,1.0,1
52,38,1,3.1,1.6,253,80,406,6.8,3.9,1.3,1
53,38,1,1.1,0.3,198,86,150,6.3,3.5,1.2,1
54,42,1,8.9,4.5,272,31,61,5.8,2.0,0.5,1
55,42,1,8.9,4.5,272,31,61,5.8,2.0,0.5,1
56,33,1,0.8,0.2,198,26,23,8.0,4.0,1.0,2
57,48,0,0.9,0.2,175,24,54,5.5,2.7,0.9,2
58,51,1,0.8,0.2,367,42,18,5.2,2.0,0.6,1
59,64,1,1.1,0.5,145,20,24,5.5,3.2,1.39,2
60,31,0,0.8,0.2,158,21,16,6.0,3.0,1.0,1
61,58,1,1.0,0.5,158,37,43,7.2,3.6,1.0,1
62,58,1,1.0,0.5,158,37,43,7.2,3.6,1.0,1
63,57,1,0.7,0.2,208,35,97,5.1,2.1,0.7,1
64,57,1,1.3,0.4,259,40,86,6.5,2.5,0.6,1
65,57,1,1.4,0.7,470,62,88,5.6,2.5,0.8,1
66,54,1,2.2,1.2,195,55,95,6.0,3.7,1.6,1
67,37,1,1.8,0.8,215,53,58,6.4,3.8,1.4,1
68,66,1,0.7,0.2,239,27,26,6.3,3.7,1.4,1
69,60,1,0.8,0.2,215,24,17,6.3,3.0,0.9,2
70,19,0,0.7,0.2,186,166,397,5.5,3.0,1.2,1
71,75,0,0.8,0.2,188,20,29,4.4,1.8,0.6,1
72,75,0,0.8,0.2,205,27,24,4.4,2.0,0.8,1
73,52,1,0.6,0.1,171,22,16,6.6,3.6,1.2,1
74,68,1,0.7,0.1,145,20,22,5.8,2.9,1.0,1
75,29,0,0.7,0.1,162,52,41,5.2,2.5,0.9,2
76,31,1,0.9,0.2,518,189,17,5.3,2.3,0.7,1
77,68,0,0.6,0.1,1620,95,127,4.6,2.1,0.8,1
78,70,1,1.4,0.6,146,12,24,6.2,3.8,1.58,2
79,58,0,2.8,1.3,670,48,79,4.7,1.6,0.5,1
80,58,0,2.4,1.1,915,60,142,4.7,1.8,0.6,1
81,29,1,1.0,0.3,75,25,26,5.1,2.9,1.3,1
82,49,1,0.7,0.1,148,14,12,5.4,2.8,1.0,2
83,33,1,2.0,1.0,258,194,152,5.4,3.0,1.25,1
84,32,1,0.6,0.1,237,45,31,7.5,4.3,1.34,1
85,14,1,1.4,0.5,269,58,45,6.7,3.9,1.4,1
86,13,1,0.6,0.1,320,28,56,7.2,3.6,1.0,2
87,58,1,0.8,0.2,298,33,59,6.2,3.1,1.0,1
88,18,1,0.6,0.2,538,33,34,7.5,3.2,0.7,1
89,60,1,4.0,1.9,238,119,350,7.1,3.3,0.8,1
95,75,1,0.9,0.2,282,25,23,4.4,2.2,1.0,1
96,39,1,3.8,1.5,298,102,630,7.1,3.3,0.8,1
97,39,1,6.6,3.0,215,190,950,4.0,1.7,0.7,1
98,18,1,0.6,0.1,265,97,161,5.9,3.1,1.1,1
99,18,1,0.7,0.1,312,308,405,6.9,3.7,1.1,1
